1 1 -.72393010E+02 -.72393010E+02
2 1 -.72450675E+02 -.72450675E+02
3 1 -.72471796E+02 -.72471796E+02
4 1 -.72521207E+02 -.72521207E+02
5 1 -.72471796E+02 -.72471796E+02
6 1 -.72521207E+02 -.72521207E+02
7 1 -.72544522E+02 -.72544522E+02
8
9 1 -.72471796E+02 -.72471796E+02
10 1 -.72521234E+02 -.72521234E+02
11 1 -.72406767E+02 -.72406767E+02
12 1 -.72463293E+02 -.72463293E+02
13 1 -.72542489E+02 -.72542489E+02
14 1 -.72584309E+02 -.72584309E+02
15 1 -.72471796E+02 -.72471796E+02
16 1 -.72521234E+02 -.72521234E+02
17 1 -.72450675E+02 -.72450675E+02
18 1 -.72480578E+02 -.72480578E+02
19 1 -.72521234E+02 -.72521234E+02
20 1 -.72543522E+02 -.72543522E+02
21 1 -.72527572E+02 -.72527572E+02
22 1 -.72549493E+02 -.72549493E+02
23 1 -.72592541E+02 -.72592541E+02
24 1 -.72607355E+02 -.72607355E+02
25 1 -.72521207E+02 -.72521207E+02
26 1 -.72543522E+02 -.72543522E+02
27 1 -.72463293E+02 -.72463293E+02
28 1 -.72492173E+02 -.72492173E+02
29 1 -.72590727E+02 -.72590727E+02
30 1 -.72605618E+02 -.72605618E+02
31 1 -.72527572E+02 -.72527572E+02
32 1 -.72549512E+02 -.72549512E+02
33 1 -.72471796E+02 -.72471796E+02
34 1 -.72527572E+02 -.72527572E+02
35 1 -.72542489E+02 -.72542489E+02
36 1 -.72590727E+02 -.72590727E+02
37 1 -.72544522E+02 -.72544522E+02
38 1 -.72592541E+02 -.72592541E+02
39 1 -.72615027E+02 -.72615027E+02
40 1 -.72655530E+02 -.72655530E+02
41 1 -.72544522E+02 -.72544522E+02
42 1 -.72592541E+02 -.72592541E+02
43 1 -.72471796E+02 -.72471796E+02
44 1 -.72527572E+02 -.72527572E+02
45 1 -.72615027E+02 -.72615027E+02
46 1 -.72655530E+02 -.72655530E+02
47 1 -.72542489E+02 -.72542489E+02
48 1 -.72590727E+02 -.72590727E+02
49 1 -.72521207E+02 -.72521207E+02
50 1 -.72549493E+02 -.72549493E+02
51 1 -.72584309E+02 -.72584309E+02
52 1 -.72605618E+02 -.72605618E+02
53 1 -.72592541E+02 -.72592541E+02
54 1 -.72613285E+02 -.72613285E+02
55 1 -.72655530E+02 -.72655530E+02
56 1 -.72669300E+02 -.72669300E+02
57 1 -.72586252E+02 -.72586252E+02
58 1 -.72607355E+02 -.72607355E+02
59 1 -.72521234E+02 -.72521234E+02
60 1 -.72549512E+02 -.72549512E+02
61 1 -.72655530E+02 -.72655530E+02
62 1 -.72669300E+02 -.72669300E+02
63 1 -.72590727E+02 -.72590727E+02
64 1 -.72611668E+02 -.72611668E+02
65 1 -.72471796E+02 -.72471796E+02
66 1 -.72521234E+02 -.72521234E+02
67 1 -.72542489E+02 -.72542489E+02
68 1 -.72584309E+02 -.72584309E+02
69 1 -.72406767E+02 -.72406767E+02
70 1 -.72463293E+02 -.72463293E+02
71 1 -.72471796E+02 -.72471796E+02
72 1 -.72521234E+02 -.72521234E+02
73 1 -.72544522E+02 -.72544522E+02
74 1 -.72586252E+02 -.72586252E+02
75 1 -.72471796E+02 -.72471796E+02
76 1 -.72521207E+02 -.72521207E+02
77 1 -.72471796E+02 -.72471796E+02
78 1 -.72521207E+02 -.72521207E+02
79 1 -.72393010E+02 -.72393010E+02
80
81 1 -.72527572E+02 -.72527572E+02
82 1 -.72549512E+02 -.72549512E+02
83 1 -.72590727E+02 -.72590727E+02
84 1 -.72605618E+02 -.72605618E+02
85 1 -.72463293E+02 -.72463293E+02
86 1 -.72492173E+02 -.72492173E+02
87 1 -.72521207E+02 -.72521207E+02
88 1 -.72543522E+02 -.72543522E+02
89 1 -.72592541E+02 -.72592541E+02
90 1 -.72607355E+02 -.72607355E+02
91 1 -.72527572E+02 -.72527572E+02
92 1 -.72549493E+02 -.72549493E+02
93 1 -.72521234E+02 -.72521234E+02
94 1 -.72543522E+02 -.72543522E+02
95 1 -.72450675E+02 -.72450675E+02
96 1 -.72480578E+02 -.72480578E+02
97 1 -.72542489E+02 -.72542489E+02
98 1 -.72590727E+02 -.72590727E+02
99 1 -.72615027E+02 -.72615027E+02
100 1 -.72655530E+02 -.72655530E+02
101 1 -.72471796E+02 -.72471796E+02
102 1 -.72527572E+02 -.72527572E+02
103 1 -.72544522E+02 -.72544522E+02
104 1 -.72592541E+02 -.72592541E+02
105 1 -.72615027E+02 -.72615027E+02
106 1 -.72655530E+02 -.72655530E+02
107 1 -.72544522E+02 -.72544522E+02
108 1 -.72592541E+02 -.72592541E+02
109 1 -.72542489E+02 -.72542489E+02
110 1 -.72590727E+02 -.72590727E+02
111 1 -.72471796E+02 -.72471796E+02
112 1 -.72527572E+02 -.72527572E+02
113 1 -.72590727E+02 -.72590727E+02
114 1 -.72611668E+02 -.72611668E+02
115 1 -.72655530E+02 -.72655530E+02
116 1 -.72669300E+02 -.72669300E+02
117 1 -.72521234E+02 -.72521234E+02
118 1 -.72549512E+02 -.72549512E+02
119 1 -.72586252E+02 -.72586252E+02
120 1 -.72607355E+02 -.72607355E+02
121 1 -.72655530E+02 -.72655530E+02
122 1 -.72669300E+02 -.72669300E+02
123 1 -.72592541E+02 -.72592541E+02
124 1 -.72613285E+02 -.72613285E+02
125 1 -.72584309E+02 -.72584309E+02
126 1 -.72605618E+02 -.72605618E+02
127 1 -.72521207E+02 -.72521207E+02
128 1 -.72549493E+02 -.72549493E+02
129 1 -.72471796E+02 -.72471796E+02
130 1 -.72527572E+02 -.72527572E+02
131
132 1 -.72592541E+02 -.72592541E+02
133 1 -.72542489E+02 -.72542489E+02
134 1 -.72590727E+02 -.72590727E+02
135 1 -.72615027E+02 -.72615027E+02
136 1 -.72655530E+02 -.72655530E+02
137 1 -.72542489E+02 -.72542489E+02
138 1 -.72590727E+02 -.72590727E+02
139 1 -.72471796E+02 -.72471796E+02
140 1 -.72527572E+02 -.72527572E+02
141 1 -.72615027E+02 -.72615027E+02
142 1 -.72655530E+02 -.72655530E+02
143 1 -.72544522E+02 -.72544522E+02
144 1 -.72592541E+02 -.72592541E+02
145 1 -.72521234E+02 -.72521234E+02
146 1 -.72549512E+02 -.72549512E+02
147 1 -.72586252E+02 -.72586252E+02
148 1 -.72607355E+02 -.72607355E+02
149 1 -.72590727E+02 -.72590727E+02
150 1 -.72611668E+02 -.72611668E+02
151 1 -.72655530E+02 -.72655530E+02
152 1 -.72669300E+02 -.72669300E+02
153 1 -.72584309E+02 -.72584309E+02
154 1 -.72605618E+02 -.72605618E+02
155 1 -.72521207E+02 -.72521207E+02
156 1 -.72549493E+02 -.72549493E+02
157 1 -.72655530E+02 -.72655530E+02
158 1 -.72669300E+02 -.72669300E+02
159 1 -.72592541E+02 -.72592541E+02
160 1 -.72613285E+02 -.72613285E+02
161 1 -.72406767E+02 -.72406767E+02
162 1 -.72463293E+02 -.72463293E+02
163 1 -.72471796E+02 -.72471796E+02
164 1 -.72521234E+02 -.72521234E+02
165 1 -.72471796E+02 -.72471796E+02
166 1 -.72521234E+02 -.72521234E+02
167 1 -.72542489E+02 -.72542489E+02
168 1 -.72584309E+02 -.72584309E+02
169 1 -.72471796E+02 -.72471796E+02
170 1 -.72521207E+02 -.72521207E+02
171 1 -.72393010E+02 -.72393010E+02
172 1 -.72450675E+02 -.72450675E+02
173 1 -.72544522E+02 -.72544522E+02
174 1 -.72586252E+02 -.72586252E+02
175 1 -.72471796E+02 -.72471796E+02
176 1 -.72521207E+02 -.72521207E+02
177 1 -.72463293E+02 -.72463293E+02
178 1 -.72492173E+02 -.72492173E+02
179 1 -.72521207E+02 -.72521207E+02
180 1 -.72543522E+02 -.72543522E+02
181 1 -.72527572E+02 -.72527572E+02
182 1 -.72549512E+02 -.72549512E+02
183 1 -.72590727E+02 -.72590727E+02
184 1 -.72605618E+02 -.72605618E+02
185 1 -.72521234E+02 -.72521234E+02
186 1 -.72543522E+02 -.72543522E+02
187
188 1 -.72480578E+02 -.72480578E+02
189 1 -.72592541E+02 -.72592541E+02
190 1 -.72607355E+02 -.72607355E+02
191 1 -.72527572E+02 -.72527572E+02
192 1 -.72549493E+02 -.72549493E+02
193 1 -.72544522E+02 -.72544522E+02
194 1 -.72592541E+02 -.72592541E+02
195 1 -.72615027E+02 -.72615027E+02
196 1 -.72655530E+02 -.72655530E+02
197 1 -.72471796E+02 -.72471796E+02
198 1 -.72527572E+02 -.72527572E+02
199 1 -.72542489E+02 -.72542489E+02
200 1 -.72590727E+02 -.72590727E+02
201 1 -.72615027E+02 -.72615027E+02
202 1 -.72655530E+02 -.72655530E+02
203 1 -.72542489E+02 -.72542489E+02
204 1 -.72590727E+02 -.72590727E+02
205
206 1 -.72592541E+02 -.72592541E+02
207 1 -.72471796E+02 -.72471796E+02
208 1 -.72527572E+02 -.72527572E+02
209 1 -.72592541E+02 -.72592541E+02
210 1 -.72613285E+02 -.72613285E+02
211 1 -.72655530E+02 -.72655530E+02
212 1 -.72669300E+02 -.72669300E+02
213 1 -.72521207E+02 -.72521207E+02
214 1 -.72549493E+02 -.72549493E+02
215 1 -.72584309E+02 -.72584309E+02
216 1 -.72605618E+02 -.72605618E+02
217 1 -.72655530E+02 -.72655530E+02
218 1 -.72669300E+02 -.72669300E+02
219 1 -.72590727E+02 -.72590727E+02
220 1 -.72611668E+02 -.72611668E+02
221 1 -.72586252E+02 -.72586252E+02
222 1 -.72607355E+02 -.72607355E+02
223 1 -.72521234E+02 -.72521234E+02
224 1 -.72549512E+02 -.72549512E+02
225 1 -.72471796E+02 -.72471796E+02
226 1 -.72521207E+02 -.72521207E+02
227 1 -.72544522E+02 -.72544522E+02
228
229 1 -.72393010E+02 -.72393010E+02
230 1 -.72450675E+02 -.72450675E+02
231 1 -.72471796E+02 -.72471796E+02
232 1 -.72521207E+02 -.72521207E+02
233 1 -.72542489E+02 -.72542489E+02
234 1 -.72584309E+02 -.72584309E+02
235 1 -.72471796E+02 -.72471796E+02
236 1 -.72521234E+02 -.72521234E+02
237 1 -.72471796E+02 -.72471796E+02
238 1 -.72521234E+02 -.72521234E+02
239 1 -.72406767E+02 -.72406767E+02
240 1 -.72463293E+02 -.72463293E+02
241 1 -.72527572E+02 -.72527572E+02
242 1 -.72549493E+02 -.72549493E+02
243 1 -.72592541E+02 -.72592541E+02
244 1 -.72607355E+02 -.72607355E+02
245
246 1 -.72480578E+02 -.72480578E+02
247 1 -.72521234E+02 -.72521234E+02
248 1 -.72543522E+02 -.72543522E+02
249 1 -.72590727E+02 -.72590727E+02
250 1 -.72605618E+02 -.72605618E+02
251 1 -.72527572E+02 -.72527572E+02
252 1 -.72549512E+02 -.72549512E+02
253 1 -.72521207E+02 -.72521207E+02
254 1 -.72543522E+02 -.72543522E+02
255 1 -.72463293E+02 -.72463293E+02
256 1 -.72492173E+02 -.72492173E+02
257 1 -.72450675E+02 -.72450675E+02
258 1 -.72480578E+02 -.72480578E+02
259 1 -.72527572E+02 -.72527572E+02
260 1 -.72549493E+02 -.72549493E+02
261 1 -.72521234E+02 -.72521234E+02
262 1 -.72543522E+02 -.72543522E+02
263 1 -.72592541E+02 -.72592541E+02
264 1 -.72607355E+02 -.72607355E+02
265 1 -.72527572E+02 -.72527572E+02
266 1 -.72549512E+02 -.72549512E+02
267 1 -.72463293E+02 -.72463293E+02
268 1 -.72492173E+02 -.72492173E+02
269 1 -.72590727E+02 -.72590727E+02
270 1 -.72605618E+02 -.72605618E+02
271 1 -.72521207E+02 -.72521207E+02
272 1 -.72543522E+02 -.72543522E+02
273 1 -.72480578E+02 -.72480578E+02
274 1 -.72478973E+02 -.72478973E+02
275 1 -.72549512E+02 -.72549512E+02
276 1 -.72540547E+02 -.72540547E+02
277 1 -.72549512E+02 -.72549512E+02
278 1 -.72540547E+02 -.72540547E+02
279 1 -.72613285E+02 -.72613285E+02
280 1 -.72597409E+02 -.72597409E+02
281 1 -.72549493E+02 -.72549493E+02
282 1 -.72540547E+02 -.72540547E+02
283 1 -.72492173E+02 -.72492173E+02
284 1 -.72489632E+02 -.72489632E+02
285 1 -.72611668E+02 -.72611668E+02
286 1 -.72595862E+02 -.72595862E+02
287 1 -.72549493E+02 -.72549493E+02
288 1 -.72540547E+02 -.72540547E+02
289 1 -.72521234E+02 -.72521234E+02
290 1 -.72549512E+02 -.72549512E+02
291 1 -.72590727E+02 -.72590727E+02
292 1 -.72611668E+02 -.72611668E+02
293 1 -.72586252E+02 -.72586252E+02
294 1 -.72607355E+02 -.72607355E+02
295 1 -.72655530E+02 -.72655530E+02
296 1 -.72669300E+02 -.72669300E+02
297 1 -.72592541E+02 -.72592541E+02
298 1 -.72613285E+02 -.72613285E+02
299 1 -.72521207E+02 -.72521207E+02
300 1 -.72549493E+02 -.72549493E+02
301 1 -.72655530E+02 -.72655530E+02
302 1 -.72669300E+02 -.72669300E+02
303 1 -.72584309E+02 -.72584309E+02
304 1 -.72605618E+02 -.72605618E+02
305 1 -.72543522E+02 -.72543522E+02
306 1 -.72540547E+02 -.72540547E+02
307 1 -.72605618E+02 -.72605618E+02
308 1 -.72595862E+02 -.72595862E+02
309 1 -.72607355E+02 -.72607355E+02
310 1 -.72597409E+02 -.72597409E+02
311 1 -.72669300E+02 -.72669300E+02
312 1 -.72652575E+02 -.72652575E+02
313 1 -.72607355E+02 -.72607355E+02
314 1 -.72597409E+02 -.72597409E+02
315 1 -.72543522E+02 -.72543522E+02
316 1 -.72540547E+02 -.72540547E+02
317 1 -.72669300E+02 -.72669300E+02
318 1 -.72652575E+02 -.72652575E+02
319 1 -.72605618E+02 -.72605618E+02
320 1 -.72595862E+02 -.72595862E+02
321 1 -.72521207E+02 -.72521207E+02
322 1 -.72543522E+02 -.72543522E+02
323 1 -.72590727E+02 -.72590727E+02
324 1 -.72605618E+02 -.72605618E+02
325 1 -.72463293E+02 -.72463293E+02
326 1 -.72492173E+02 -.72492173E+02
327 1 -.72527572E+02 -.72527572E+02
328 1 -.72549512E+02 -.72549512E+02
329 1 -.72592541E+02 -.72592541E+02
330 1 -.72607355E+02 -.72607355E+02
331 1 -.72521234E+02 -.72521234E+02
332 1 -.72543522E+02 -.72543522E+02
333 1 -.72527572E+02 -.72527572E+02
334 1 -.72549493E+02 -.72549493E+02
335 1 -.72450675E+02 -.72450675E+02
336 1 -.72480578E+02 -.72480578E+02
337 1 -.72549493E+02 -.72549493E+02
338 1 -.72540547E+02 -.72540547E+02
339 1 -.72611668E+02 -.72611668E+02
340 1 -.72595862E+02 -.72595862E+02
341 1 -.72492173E+02 -.72492173E+02
342 1 -.72489632E+02 -.72489632E+02
343 1 -.72549493E+02 -.72549493E+02
344 1 -.72540547E+02 -.72540547E+02
345 1 -.72613285E+02 -.72613285E+02
346 1 -.72597409E+02 -.72597409E+02
347 1 -.72549512E+02 -.72549512E+02
348 1 -.72540547E+02 -.72540547E+02
349 1 -.72549512E+02 -.72549512E+02
350 1 -.72540547E+02 -.72540547E+02
351 1 -.72480578E+02 -.72480578E+02
352 1 -.72478973E+02 -.72478973E+02
353 1 -.72584309E+02 -.72584309E+02
354 1 -.72605618E+02 -.72605618E+02
355 1 -.72655530E+02 -.72655530E+02
356 1 -.72669300E+02 -.72669300E+02
357 1 -.72521207E+02 -.72521207E+02
358 1 -.72549493E+02 -.72549493E+02
359 1 -.72592541E+02 -.72592541E+02
360
361 1 -.72655530E+02 -.72655530E+02
362 1 -.72669300E+02 -.72669300E+02
363 1 -.72586252E+02 -.72586252E+02
364 1 -.72607355E+02 -.72607355E+02
365 1 -.72590727E+02 -.72590727E+02
366 1 -.72611668E+02 -.72611668E+02
367 1 -.72521234E+02 -.72521234E+02
368 1 -.72549512E+02 -.72549512E+02
369 1 -.72605618E+02 -.72605618E+02
370 1 -.72595862E+02 -.72595862E+02
371 1 -.72669300E+02 -.72669300E+02
372 1 -.72652575E+02 -.72652575E+02
373 1 -.72543522E+02 -.72543522E+02
374 1 -.72540547E+02 -.72540547E+02
375 1 -.72607355E+02 -.72607355E+02
376 1 -.72597409E+02 -.72597409E+02
377 1 -.72669300E+02 -.72669300E+02
378 1 -.72652575E+02 -.72652575E+02
379 1 -.72607355E+02 -.72607355E+02
380 1 -.72597409E+02 -.72597409E+02
381 1 -.72605618E+02 -.72605618E+02
382 1 -.72595862E+02 -.72595862E+02
383 1 -.72543522E+02 -.72543522E+02
384 1 -.72540547E+02 -.72540547E+02
385 1 -.72521207E+02 -.72521207E+02
386 1 -.72549493E+02 -.72549493E+02
387 1 -.72592541E+02 -.72592541E+02
388 1 -.72613285E+02 -.72613285E+02
389 1 -.72584309E+02 -.72584309E+02
390 1 -.72605618E+02 -.72605618E+02
391 1 -.72655530E+02 -.72655530E+02
392 1 -.72669300E+02 -.72669300E+02
393 1 -.72590727E+02 -.72590727E+02
394 1 -.72611668E+02 -.72611668E+02
395 1 -.72521234E+02 -.72521234E+02
396 1 -.72549512E+02 -.72549512E+02
397 1 -.72655530E+02 -.72655530E+02
398 1 -.72669300E+02 -.72669300E+02
399 1 -.72586252E+02 -.72586252E+02
400 1 -.72607355E+02 -.72607355E+02
401 1 -.72543522E+02 -.72543522E+02
402 1 -.72540547E+02 -.72540547E+02
403 1 -.72607355E+02 -.72607355E+02
404
405 1 -.72605618E+02 -.72605618E+02
406 1 -.72595862E+02 -.72595862E+02
407 1 -.72669300E+02 -.72669300E+02
408 1 -.72652575E+02 -.72652575E+02
409 1 -.72605618E+02 -.72605618E+02
410 1 -.72595862E+02 -.72595862E+02
411 1 -.72543522E+02 -.72543522E+02
412 1 -.72540547E+02 -.72540547E+02
413 1 -.72669300E+02 -.72669300E+02
414 1 -.72652575E+02 -.72652575E+02
415 1 -.72607355E+02 -.72607355E+02
416 1 -.72597409E+02 -.72597409E+02
417 1 -.72463293E+02 -.72463293E+02
418 1 -.72492173E+02 -.72492173E+02
419 1 -.72527572E+02 -.72527572E+02
420 1 -.72549512E+02 -.72549512E+02
421 1 -.72521207E+02 -.72521207E+02
422 1 -.72543522E+02 -.72543522E+02
423 1 -.72590727E+02 -.72590727E+02
424 1 -.72605618E+02 -.72605618E+02
425 1 -.72527572E+02 -.72527572E+02
426 1 -.72549493E+02 -.72549493E+02
427 1 -.72450675E+02 -.72450675E+02
428 1 -.72480578E+02 -.72480578E+02
429 1 -.72592541E+02 -.72592541E+02
430 1 -.72607355E+02 -.72607355E+02
431 1 -.72521234E+02 -.72521234E+02
432 1 -.72543522E+02 -.72543522E+02
433 1 -.72492173E+02 -.72492173E+02
434 1 -.72489632E+02 -.72489632E+02
435 1 -.72549493E+02 -.72549493E+02
436 1 -.72540547E+02 -.72540547E+02
437 1 -.72549493E+02 -.72549493E+02
438 1 -.72540547E+02 -.72540547E+02
439 1 -.72611668E+02 -.72611668E+02
440 1 -.72595862E+02 -.72595862E+02
441 1 -.72549512E+02 -.72549512E+02
442 1 -.72540547E+02 -.72540547E+02
443 1 -.72480578E+02 -.72480578E+02
444 1 -.72478973E+02 -.72478973E+02
445 1 -.72613285E+02 -.72613285E+02
446 1 -.72597409E+02 -.72597409E+02
447 1 -.72549512E+02 -.72549512E+02
448 1 -.72540547E+02 -.72540547E+02
449 1 -.72586252E+02 -.72586252E+02
450 1 -.72607355E+02 -.72607355E+02
451 1 -.72655530E+02 -.72655530E+02
452 1 -.72669300E+02 -.72669300E+02
453 1 -.72521234E+02 -.72521234E+02
454 1 -.72549512E+02 -.72549512E+02
455 1 -.72590727E+02 -.72590727E+02
456 1 -.72611668E+02 -.72611668E+02
457 1 -.72655530E+02 -.72655530E+02
458 1 -.72669300E+02 -.72669300E+02
459 1 -.72584309E+02 -.72584309E+02
460 1 -.72605618E+02 -.72605618E+02
461 1 -.72592541E+02 -.72592541E+02
462 1 -.72613285E+02 -.72613285E+02
463 1 -.72521207E+02 -.72521207E+02
464 1 -.72549493E+02 -.72549493E+02
465 1 -.72607355E+02 -.72607355E+02
466 1 -.72597409E+02 -.72597409E+02
467 1 -.72669300E+02 -.72669300E+02
468 1 -.72652575E+02 -.72652575E+02
469 1 -.72543522E+02 -.72543522E+02
470 1 -.72540547E+02 -.72540547E+02
471 1 -.72605618E+02 -.72605618E+02
472 1 -.72595862E+02 -.72595862E+02
473 1 -.72669300E+02 -.72669300E+02
474 1 -.72652575E+02 -.72652575E+02
475 1 -.72605618E+02 -.72605618E+02
476 1 -.72595862E+02 -.72595862E+02
477 1 -.72607355E+02 -.72607355E+02
478
479 1 -.72543522E+02 -.72543522E+02
480 1 -.72540547E+02 -.72540547E+02
481 1 -.72521234E+02 -.72521234E+02
482 1 -.72543522E+02 -.72543522E+02
483 1 -.72592541E+02 -.72592541E+02
484 1 -.72607355E+02 -.72607355E+02
485 1 -.72450675E+02 -.72450675E+02
486 1 -.72480578E+02 -.72480578E+02
487 1 -.72527572E+02 -.72527572E+02
488 1 -.72549493E+02 -.72549493E+02
489 1 -.72590727E+02 -.72590727E+02
490 1 -.72605618E+02 -.72605618E+02
491 1 -.72521207E+02 -.72521207E+02
492 1 -.72543522E+02 -.72543522E+02
493 1 -.72527572E+02 -.72527572E+02
494 1 -.72549512E+02 -.72549512E+02
495 1 -.72463293E+02 -.72463293E+02
496 1 -.72492173E+02 -.72492173E+02
497 1 -.72549512E+02 -.72549512E+02
498 1 -.72540547E+02 -.72540547E+02
499 1 -.72613285E+02 -.72613285E+02
500 1 -.72597409E+02 -.72597409E+02
501 1 -.72480578E+02 -.72480578E+02
502 1 -.72478973E+02 -.72478973E+02
503 1 -.72549512E+02 -.72549512E+02
504 1 -.72540547E+02 -.72540547E+02
505 1 -.72611668E+02 -.72611668E+02
506 1 -.72595862E+02 -.72595862E+02
507 1 -.72549493E+02 -.72549493E+02
508 1 -.72540547E+02 -.72540547E+02
509 1 -.72549493E+02 -.72549493E+02
510 1 -.72540547E+02 -.72540547E+02
511 1 -.72492173E+02 -.72492173E+02
512 1 -.72489632E+02 -.72489632E+02